1 0
2 1
3 2
4 3
5 3
6 4
7 4
8 3
9 5
10 4
11 5
12 6
13 5
14 5
15 4
16 6
17 8
18 7
19 8
20 7
21 6
22 7
23 7
24 7
25 6
26 8
27 9
28 7
29 7
30 10
31 7
32 8
33 9
34 7
35 8
36 11
37 9
38 11
39 8
40 7
41 12
42 8
43 11
44 8
45 12
46 8
47 8
48 9
49 9
50 9
51 10
52 8
53 11
54 9
55 9
56 9
57 9
58 10
59 12
60 10
61 10
62 11
63 10
64 10
65 11
66 10
67 12
68 11
69 10
70 10
71 9
72 10
73 9
74 11
75 10
76 14
77 9
78 12
79 11
80 12
81 14
82 9
83 14
84 11
85 14
86 11
87 11
88 10
89 11
90 10
91 13
92 11
93 13
94 11
95 13
96 16
97 11
98 12
99 12
100 12
101 13
102 11
103 10
104 10
105 13
106 12
107 12
108 13
109 13
110 13
111 11
112 13
113 13
114 11
115 10
116 13
117 15
118 14
119 11
120 11
121 14
122 10
123 14
124 13
125 11
126 14
127 14
128 12
129 15
130 15
131 12
132 15
133 15
134 16
135 15
136 13
137 16
138 13
139 16
140 16
141 12
142 15
143 12
144 18
145 14
146 13
147 13
148 13
149 12
150 13
151 17
152 13
153 15
154 13
155 15
156 16
157 13
158 13
159 12
160 16
161 13
162 13
163 12
164 21
165 17
166 16
167 12
168 15
169 15
170 15
171 13
172 14
173 13
174 13
175 15
176 14
177 11
178 14
179 14
180 14
181 14
182 13
183 17
184 13
185 13
186 17
187 14
188 16
189 14
190 14
191 15
192 17
193 16
194 17
195 12
196 14
197 17
198 13
199 13
200 17
201 12
202 14
203 14
204 13
205 17
206 13
207 16
208 17
209 18
210 18
211 14
212 19
213 16
214 19
215 16
216 18
217 13
218 15
219 14
220 14
221 13
222 16
223 19
224 14
225 11
226 13
227 16
228 14
229 15
230 15
231 18
232 14
233 14
234 13
235 16
236 15
237 15
238 15
239 15
240 14
241 16
242 13
243 15
244 13
245 16
246 16
247 19
248 15
249 17
250 20
251 18
252 16
253 15
254 15
255 17
256 14
257 17
258 13
259 15
260 13
261 16
262 17
263 17
264 14
265 18
266 17
267 15
268 13
269 14
270 16
271 21
272 17
273 16
274 15
275 14
276 15
277 17
278 16
279 17
280 14
281 15
282 19
283 20
284 19
285 15
286 16
287 16
288 14
289 17
290 15
291 18
292 18
293 18
294 17
295 18
296 18
297 15
298 17
299 18
300 16
301 18
302 16
303 17
304 16
305 20
306 14
307 17
308 19
309 16
310 16
311 13
312 17
313 14
314 18
315 15
316 18
317 16
318 17
319 19
320 16
321 21
322 19
323 17
324 19
325 16
326 16
327 19
328 18
329 16
330 19
331 17
332 21
333 18
334 18
335 17
336 16
337 18
338 18
339 17
340 17
341 16
342 16
343 17
344 19
345 14
346 17
347 18
348 21
349 16
350 18
351 15
352 18
353 17
354 16
355 18
356 21
357 16
358 18
359 15
360 16
361 17
362 16
363 17
364 18
365 18
366 16
367 17
368 18
369 15
370 20
371 16
372 20
373 17
374 19
375 16
376 17
377 18
378 17
379 19
380 17
381 15
382 20
383 16
384 16
385 18
386 16
387 17
388 19
389 23
390 16
391 18
392 19
393 19
394 18
395 19
396 16
397 20
398 19
399 17
400 18
401 18
402 18
403 17
404 15
405 16
406 19
407 19
408 16
409 15
410 18
411 16
412 17
413 19
414 18
415 18
416 16
417 17
418 15
419 17
420 17
421 20
422 17
423 16
424 19
425 17
426 16
427 20
428 22
429 21
430 19
431 17
432 19
433 19
434 19
435 15
436 20
437 20
438 16
439 16
440 18
441 18
442 19
443 16
444 18
445 20
446 19
447 18
448 16
449 17
450 20
451 18
452 17
453 19
454 16
455 19
456 16
457 24
458 18
459 18
460 17
461 19
462 15
463 18
464 23
465 22
466 16
467 19
468 18
469 16
470 16
471 19
472 17
473 17
474 19
475 15
476 20
477 19
478 17
479 18
480 18
481 18
482 16
483 21
484 18
485 18
486 18
487 20
488 16
489 20
490 18
491 17
492 19
493 18
494 20
495 17
496 24
497 18
498 20
499 22
500 17
501 17
502 17
503 17
504 18
505 18
506 16
507 21
508 22
509 17
510 18
511 18
512 17
513 21
514 16
515 17
516 16
517 19
518 17
519 22
520 17
521 19
522 17
523 19
524 19
525 21
526 19
527 17
528 19
529 20
530 19
531 18
532 17
533 17
534 21
535 21
536 17
537 18
538 18
539 21
540 17
541 18
542 15
543 21
544 16
545 21
546 20
547 17
548 22
549 17
550 18
551 18
552 24
553 16
554 25
555 21
556 19
557 18
558 17
559 20
560 20
561 21
562 17
563 21
564 19
565 21
566 19
567 18
568 19
569 17
570 18
571 20
572 19
573 15
574 18
575 19
576 16
577 20
578 17
579 17
580 18
581 20
582 17
583 18
584 19
585 19
586 18
587 18
588 18
589 20
590 20
591 20
592 19
593 21
594 21
595 18
596 21
597 17
598 18
599 17
600 20
601 18
602 18
603 19
604 17
605 19
606 19
607 18
608 19
609 17
610 20
611 17
612 17
613 21
614 21
615 21
616 19
617 20
618 19
619 19
620 17
621 17
622 18
623 17
624 18
625 15
626 18
627 18
628 20
629 20
630 20
631 20
632 18
633 17
634 19
635 17
636 22
637 18
638 18
639 19
640 21
641 20
642 20
643 21
644 18
645 17
646 18
647 19
648 20
649 18
650 21
651 17
652 17
653 17
654 21
655 19
656 19
657 21
658 16
659 19
660 17
661 21
662 20
663 19
664 19
665 19
666 20
667 20
668 22
669 23
670 21
671 20
672 21
673 18
674 18
675 17
676 18
677 24
678 21
679 19
680 18
681 21
682 22
683 23
684 16
685 18
686 20
687 19
688 17
689 22
690 19
691 18
692 19
693 17
694 21
695 20
696 19
697 19
698 18
699 20
700 20
701 22
702 23
703 18
704 19
705 17
706 18
707 21
708 24
709 19
710 19
711 17
712 20
713 18
714 19
715 23
716 20
717 20
718 20
719 18
720 21
721 22
722 22
723 17
724 23
725 19
726 18
727 21
728 22
729 18
730 21
731 21
732 16
733 18
734 19
735 19
736 19
737 18
738 21
739 22
740 22
741 19
742 23
743 20
744 20
745 17
746 21
747 19
748 19
749 18
750 21
751 20
752 21
753 18
754 21
755 17
756 17
757 19
758 19
759 21
760 17
761 23
762 22
763 22
764 24
765 19
766 22
767 18
768 18
769 19
770 22
771 21
772 19
773 20
774 22
775 20
776 18
777 19
778 20
779 19
780 24
781 17
782 24
783 21
784 20
785 22
786 19
787 21
788 25
789 19
790 19
791 20
792 22
793 19
794 18
795 19
796 19
797 20
798 20
799 21
800 24
801 20
802 20
803 30
804 22
805 19
806 21
807 20
808 22
809 18
810 20
811 19
812 20
813 20
814 20
815 21
816 27
817 19
818 22
819 19
820 22
821 18
822 18
823 21
824 18
825 20
826 18
827 22
828 21
829 20
830 20
831 20
832 20
833 21
834 21
835 20
836 21
837 21
838 19
839 20
840 17
841 20
842 19
843 20
844 23
845 20
846 21
847 18
848 18
849 20
850 22
851 20
852 20
853 20
854 18
855 18
856 21
857 21
858 21
859 20
860 20
861 18
862 21
863 20
864 19
865 20
866 22
867 20
868 18
869 20
870 21
871 21
872 19
873 19
874 20
875 25
876 20
877 22
878 21
879 20
880 18
881 20
882 19
883 19
884 20
885 19
886 21
887 25
888 18
889 21
890 19
891 23
892 23
893 22
894 20
895 22
896 18
897 21
898 18
899 19
900 20
901 18
902 20
903 19
904 21
905 20
906 21
907 20
908 21
909 19
910 21
911 19
912 20
913 20
914 21
915 22
916 25
917 21
918 22
919 19
920 20
921 21
922 19
923 20
924 22
925 21
926 19
927 20
928 19
929 23
930 25
931 16
932 23
933 19
934 20
935 21
936 18
937 23
938 18
939 19
940 20
941 20
942 23
943 20
944 24
945 21
946 18
947 19
948 22
949 22
950 20
951 22
952 22
953 21
954 22
955 20
956 20
957 25
958 22
959 20
960 24
961 20
962 21
963 22
964 19
965 20
966 19
967 21
968 21
969 18
970 20
971 20
972 22
973 21
974 21
975 19
976 21
977 23
978 24
979 23
980 23
981 24
982 21
983 22
984 21
985 22
986 22
987 22
988 23
989 22
990 25
991 20
992 20
993 24
994 17
995 20
996 21
997 25
998 25
999 20
