1 0
2 1
3 1
4 2
5 2
6 4
7 4
8 4
9 5
10 6
11 4
12 5
13 6
14 6
15 7
16 4
17 5
18 6
19 9
20 7
21 6
22 8
23 5
24 8
25 7
26 7
27 7
28 6
29 7
30 6
31 7
32 7
33 8
34 8
35 9
36 9
37 9
38 13
39 8
40 10
41 7
42 7
43 9
44 9
45 11
46 9
47 8
48 7
49 9
50 9
51 9
52 8
53 10
54 11
55 8
56 10
57 10
58 8
59 10
60 9
61 10
62 11
63 10
64 9
65 13
66 11
67 13
68 10
69 10
70 10
71 9
72 15
73 9
74 12
75 9
76 9
77 12
78 13
79 13
80 12
81 10
82 15
83 11
84 12
85 13
86 12
87 11
88 14
89 15
90 16
91 10
92 12
93 11
94 13
95 12
96 12
97 15
98 11
99 14
100 11
101 12
102 12
103 12
104 14
105 14
106 12
107 12
108 11
109 12
110 13
111 13
112 12
113 14
114 11
115 13
116 13
117 11
118 14
119 11
120 13
121 15
122 12
123 12
124 14
125 14
126 12
127 17
128 11
129 12
130 13
131 12
132 12
133 12
134 14
135 15
136 14
137 13
138 18
139 13
140 15
141 14
142 14
143 13
144 11
145 13
146 15
147 18
148 13
149 14
150 14
151 12
152 11
153 14
154 14
155 14
156 17
157 13
158 14
159 12
160 13
161 16
162 16
163 13
164 15
165 13
166 17
167 12
168 13
169 17
170 13
171 12
172 13
173 13
174 14
175 13
176 19
177 21
178 14
179 14
180 16
181 13
182 15
183 13
184 14
185 15
186 16
187 15
188 12
189 13
190 15
191 16
192 14
193 13
194 14
195 13
196 13
197 21
198 14
199 13
200 13
201 17
202 16
203 12
204 17
205 13
206 14
207 17
208 15
209 14
210 17
211 16
212 16
213 15
214 15
215 13
216 15
217 17
218 15
219 12
220 18
221 17
222 18
223 15
224 14
225 20
226 15
227 14
228 16
229 16
230 14
231 17
232 14
233 15
234 16
235 16
236 16
237 14
238 17
239 14
240 18
241 17
242 18
243 14
244 16
245 14
246 13
247 15
248 17
249 16
250 16
251 16
252 15
253 15
254 16
255 16
256 16
257 16
258 16
259 15
260 15
261 20
262 15
263 16
264 16
265 14
266 15
267 14
268 15
269 15
270 19
271 16
272 15
273 15
274 15
275 16
276 15
277 15
278 16
279 15
280 14
281 13
282 16
283 15
284 16
285 16
286 17
287 14
288 16
289 23
290 15
291 16
292 16
293 15
294 21
295 19
296 18
297 15
298 16
299 15
300 16
301 18
302 16
303 16
304 17
305 18
306 18
307 15
308 16
309 17
310 19
311 16
312 19
313 16
314 15
315 17
316 16
317 15
318 19
319 16
320 15
321 17
322 17
323 20
324 14
325 15
326 18
327 17
328 18
329 16
330 14
331 14
332 16
333 15
334 17
335 19
336 15
337 16
338 17
339 18
340 19
341 17
342 18
343 20
344 16
345 15
346 15
347 15
348 17
349 17
350 17
351 19
352 17
353 18
354 18
355 16
356 15
357 18
358 15
359 18
360 18
361 18
362 21
363 21
364 18
365 16
366 15
367 18
368 19
369 17
370 20
371 16
372 19
373 16
374 16
375 16
376 22
377 20
378 18
379 19
380 17
381 17
382 17
383 20
384 19
385 16
386 16
387 16
388 19
389 18
390 19
391 18
392 18
393 19
394 14
395 14
396 15
397 15
398 16
399 16
400 15
401 23
402 16
403 18
404 15
405 17
406 19
407 20
408 16
409 17
410 19
411 21
412 19
413 16
414 16
415 20
416 20
417 15
418 16
419 17
420 16
421 19
422 18
423 18
424 17
425 18
426 16
427 18
428 17
429 18
430 18
431 16
432 18
433 18
434 20
435 17
436 15
437 14
438 18
439 23
440 17
441 16
442 20
443 18
444 19
445 18
446 16
447 16
448 16
449 20
450 15
451 20
452 17
453 19
454 17
455 20
456 15
457 18
458 18
459 20
460 17
461 17
462 19
463 18
464 16
465 16
466 23
467 19
468 19
469 17
470 21
471 20
472 17
473 17
474 16
475 16
476 21
477 19
478 17
479 19
480 16
481 17
482 20
483 18
484 18
485 19
486 18
487 20
488 17
489 19
490 18
491 18
492 18
493 16
494 16
495 18
496 18
497 17
498 18
499 20
500 17
501 18
502 19
503 22
504 19
505 16
506 15
507 18
508 18
509 18
510 18
511 19
512 18
513 18
514 21
515 20
516 20
517 20
518 18
519 21
520 18
521 26
522 16
523 19
524 16
525 17
526 15
527 19
528 17
529 17
530 17
531 17
532 17
533 18
534 21
535 19
536 20
537 18
538 17
539 22
540 16
541 19
542 20
543 17
544 21
545 22
546 20
547 18
548 16
549 16
550 18
551 16
552 19
553 19
554 15
555 18
556 16
557 19
558 19
559 18
560 19
561 22
562 17
563 17
564 20
565 24
566 17
567 21
568 20
569 17
570 18
571 18
572 19
573 21
574 20
575 20
576 18
577 19
578 20
579 19
580 20
581 21
582 19
583 16
584 21
585 18
586 17
587 21
588 18
589 18
590 19
591 18
592 19
593 21
594 20
595 17
596 20
597 17
598 20
599 22
600 19
601 20
602 18
603 17
604 19
605 17
606 20
607 19
608 17
609 20
610 18
611 20
612 21
613 21
614 17
615 18
616 16
617 22
618 20
619 19
620 19
621 19
622 20
623 20
624 18
625 21
626 17
627 19
628 18
629 18
630 18
631 18
632 20
633 19
634 18
635 21
636 22
637 17
638 22
639 19
640 21
641 18
642 21
643 18
644 20
645 20
646 20
647 24
648 22
649 19
650 17
651 20
652 20
653 17
654 18
655 20
656 22
657 19
658 20
659 20
660 18
661 20
662 19
663 18
664 18
665 18
666 21
667 22
668 18
669 22
670 18
671 19
672 18
673 18
674 18
675 21
676 18
677 18
678 21
679 21
680 22
681 18
682 24
683 20
684 18
685 22
686 18
687 19
688 19
689 20
690 19
691 17
692 18
693 18
694 19
695 19
696 22
697 18
698 18
699 22
700 20
701 19
702 22
703 20
704 19
705 19
706 18
707 18
708 19
709 18
710 20
711 20
712 17
713 18
714 19
715 18
716 19
717 19
718 18
719 18
720 18
721 21
722 18
723 22
724 21
725 19
726 21
727 21
728 18
729 21
730 20
731 19
732 20
733 18
734 20
735 19
736 18
737 21
738 19
739 20
740 17
741 19
742 19
743 21
744 23
745 21
746 25
747 18
748 18
749 20
750 17
751 19
752 19
753 21
754 20
755 22
756 19
757 19
758 22
759 19
760 17
761 21
762 18
763 22
764 19
765 17
766 18
767 21
768 22
769 19
770 18
771 19
772 20
773 19
774 21
775 24
776 19
777 23
778 25
779 19
780 17
781 19
782 19
783 19
784 19
785 19
786 18
787 18
788 19
789 21
790 17
791 21
792 23
793 20
794 21
795 19
796 17
797 21
798 18
799 17
800 20
801 19
802 16
803 20
804 19
805 22
806 20
807 19
808 22
809 20
810 23
811 20
812 18
813 23
814 20
815 20
816 19
817 20
818 18
819 19
820 18
821 18
822 23
823 20
824 23
825 21
826 20
827 23
828 26
829 18
830 20
831 20
832 19
833 24
834 18
835 21
836 17
837 23
838 19
839 20
840 20
841 19
842 21
843 21
844 22
845 20
846 18
847 24
848 22
849 19
850 23
851 23
852 18
853 24
854 18
855 19
856 20
857 21
858 20
859 21
860 20
861 21
862 22
863 22
864 22
865 19
866 19
867 19
868 25
869 20
870 20
871 19
872 21
873 19
874 20
875 21
876 25
877 26
878 20
879 20
880 20
881 27
882 23
883 20
884 22
885 21
886 29
887 21
888 24
889 20
890 19
891 20
892 22
893 18
894 22
895 23
896 22
897 24
898 21
899 19
900 19
901 19
902 22
903 20
904 24
905 18
906 23
907 19
908 19
909 21
910 21
911 19
912 21
913 19
914 22
915 22
916 26
917 18
918 18
919 22
920 19
921 22
922 23
923 23
924 21
925 20
926 22
927 25
928 21
929 21
930 20
931 20
932 19
933 19
934 19
935 22
936 21
937 24
938 22
939 22
940 24
941 22
942 18
943 22
944 19
945 20
946 23
947 20
948 23
949 22
950 20
951 21
952 19
953 20
954 21
955 22
956 20
957 17
958 22
959 23
960 20
961 20
962 21
963 21
964 21
965 17
966 19
967 18
968 21
969 18
970 18
971 21
972 19
973 21
974 19
975 19
976 23
977 21
978 20
979 24
980 21
981 20
982 22
983 23
984 19
985 23
986 19
987 22
988 19
989 19
990 19
991 21
992 24
993 22
994 22
995 23
996 20
997 18
998 22
999 21
