1 0 0 0 1 
2 1 1 1 4 
3 3 2 3 6 
4 4 5 6 12 
5 6 8 10 20 
6 10 9 15 36 
7 13 14 21 42 
8 16 11 28 40 
9 18 26 36 72 
10 23 21 45 90 
11 25 32 55 99 
12 32 35 66 132 
13 31 38 78 156 
14 37 39 91 154 
15 42 56 105 180 
16 44 43 120 160 
17 50 74 136 272 
18 56 91 153 252 
19 54 88 171 342 
20 66 99 190 320 
21 72 118 210 336 
22 66 125 231 396 
23 77 116 253 506 
24 77 133 276 360 
25 88 184 300 600 
26 87 161 325 546 
27 98 194 351 648 
28 104 205 378 700 
29 108 244 406 638 
30 114 213 435 780 
31 115 242 465 899 
32 120 273 496 896 
33 127 224 528 891 
34 127 291 561 1122 
35 136 288 595 1155 
36 147 339 630 1080 
37 151 358 666 1332 
38 151 417 703 1254 
39 157 330 741 1092 
40 169 373 780 1320 
41 165 352 820 1558 
42 176 361 861 1764 
43 181 446 903 1419 
44 187 441 946 1364 
45 183 592 990 1980 
46 191 565 1035 1840 
47 207 540 1081 1927 
48 212 649 1128 2064 
49 213 550 1176 2352 
50 224 619 1225 2050 
51 227 668 1275 2448 
52 238 633 1326 2600 
53 240 738 1378 2544 
54 243 853 1431 2646 
55 257 832 1485 2860 
56 256 853 1540 2352 
57 266 848 1596 2679 
58 276 887 1653 3074 
59 275 916 1711 3363 
60 278 833 1770 3060 
61 282 1034 1830 3477 
62 297 1071 1891 3410 
63 299 1000 1953 3339 
64 306 1015 2016 3328 
65 313 1096 2080 3380 
66 324 1073 2145 3960 
67 321 1300 2211 4422 
68 328 1269 2278 4080 
69 341 1172 2346 4071 
70 338 1263 2415 4620 
71 351 1212 2485 3834 
72 357 1253 2556 4824 
73 368 1288 2628 5256 
74 368 1271 2701 5032 
75 365 1546 2775 4575 
76 380 1495 2850 4256 
77 389 1580 2926 4851 
78 385 1335 3003 4836 
79 408 1696 3081 5214 
80 420 1565 3160 6240 
81 418 1634 3240 5751 
82 417 1563 3321 5986 
83 423 1786 3403 5976 
84 438 1765 3486 6048 
85 450 1572 3570 6120 
86 447 2015 3655 6880 
87 454 1728 3741 7221 
88 457 1901 3828 7216 
89 469 1838 3916 7832 
90 485 1929 4005 6390 
91 488 1864 4095 7735 
92 484 2149 4186 7176 
93 496 2056 4278 8370 
94 500 2403 4371 8366 
95 505 2182 4465 8550 
96 505 2207 4560 6336 
97 533 2560 4656 8827 
98 531 2271 4753 9310 
99 542 2228 4851 9405 
100 546 2519 4950 9900 
101 532 2790 5050 9999 
102 555 2689 5151 9894 
103 569 2722 5253 9270 
104 574 2905 5356 10400 
105 572 2860 5460 9660 
106 586 3043 5565 10494 
107 584 2844 5671 10914 
108 608 2739 5778 11340 
109 598 3020 5886 11227 
110 606 2909 5995 11330 
111 622 2938 6105 10545 
112 627 3235 6216 10976 
113 627 3108 6328 11300 
114 638 3481 6441 11514 
115 635 3340 6555 12995 
116 657 3389 6670 12760 
117 658 3328 6786 12870 
118 667 3313 6903 12744 
119 674 3488 7021 12614 
120 671 3501 7140 13560 
121 696 3582 7260 13431 
122 701 3351 7381 13176 
123 694 3764 7503 14514 
124 706 3815 7626 13764 
125 718 3764 7750 12125 
126 727 4085 7875 15120 
127 724 4150 8001 13462 
128 737 4349 8128 16128 
129 741 4526 8256 15867 
130 756 4429 8385 16380 
131 748 4510 8515 15982 
132 779 4149 8646 15840 
133 772 4342 8778 17556 
134 785 4499 8911 17152 
135 783 4354 9045 17685 
136 795 4257 9180 17136 
137 812 4536 9316 17399 
138 806 4443 9453 17112 
139 813 5218 9591 18348 
140 821 5039 9730 18480 
141 842 4978 9870 17907 
142 849 5227 10011 18460 
143 847 5452 10153 19591 
144 856 5663 10296 18720 
145 874 5366 10440 20880 
146 840 5555 10585 20002 
147 880 5370 10731 20286 
148 891 5725 10878 19980 
149 897 5394 11026 20264 
150 886 5593 11175 18600 
151 909 5644 11325 19781 
152 916 5703 11476 22496 
153 925 5924 11628 18972 
154 926 6139 11781 20174 
155 927 5744 11935 21235 
156 953 6293 12090 21372 
157 951 6520 12246 23079 
158 963 6111 12403 23068 
159 969 6386 12561 22896 
160 989 6545 12720 24000 
161 979 6608 12880 25438 
162 989 6421 13041 22194 
163 991 6192 13203 20864 
164 996 6855 13366 24600 
165 1008 7040 13530 25740 
166 1022 7167 13695 26560 
167 1029 6648 13861 23380 
168 1038 6789 14028 23184 
169 1053 7712 14196 24505 
170 1053 7875 14365 27880 
171 1063 7170 14535 28044 
172 1066 7529 14706 28552 
173 1081 7260 14878 24739 
174 1078 8073 15051 27144 
175 1087 6886 15225 27475 
176 1112 7449 15400 28512 
177 1106 8088 15576 31152 
178 1116 7843 15753 29548 
179 1131 8348 15931 29893 
180 1122 7763 16110 32400 
181 1130 7676 16290 30408 
182 1139 9085 16471 32578 
183 1138 8774 16653 30744 
184 1157 8137 16836 30912 
185 1165 8182 17020 30895 
186 1163 7929 17205 30318 
187 1177 9494 17391 32538 
188 1190 8585 17578 28576 
189 1192 8968 17766 34776 
190 1205 9599 17955 33440 
191 1216 9222 18145 33425 
192 1221 8943 18336 30720 
193 1227 9164 18528 33196 
194 1237 8893 18721 31816 
195 1241 9688 18915 35100 
196 1246 9289 19110 36456 
197 1260 8766 19306 33096 
198 1261 9915 19503 38016 
199 1271 10262 19701 39402 
200 1287 10437 19900 39000 
201 1281 9196 20100 36180 
202 1292 9901 20301 38178 
203 1298 10442 20503 36946 
204 1294 10501 20706 37944 
205 1313 9776 20910 41205 
206 1332 9855 21115 42436 
207 1334 10760 21321 38709 
208 1350 10679 21528 40560 
209 1346 10638 21736 41173 
210 1367 11081 21945 42000 
211 1379 11594 22155 43255 
212 1392 11345 22366 43672 
213 1389 11330 22578 44304 
214 1390 10417 22791 40660 
215 1389 12086 23005 43000 
216 1402 12107 23220 43632 
217 1418 11138 23436 40796 
218 1421 11019 23653 42292 
219 1442 12810 23871 46428 
220 1427 12335 24090 43120 
221 1451 12628 24310 44642 
222 1452 12987 24531 42624 
223 1475 13004 24753 44154 
224 1487 13527 24976 47264 
225 1481 12694 25200 47250 
226 1482 13033 25425 46330 
227 1479 12472 25651 51075 
228 1505 13191 25878 49704 
229 1516 12874 26106 48090 
230 1537 12437 26335 48760 
231 1532 13850 26565 50127 
232 1538 13507 26796 47328 
233 1540 13850 27028 48464 
234 1541 12913 27261 43290 
235 1549 13266 27495 49585 
236 1572 14383 27730 54516 
237 1566 13650 27966 53088 
238 1587 14685 28203 51646 
239 1584 14800 28441 56404 
240 1607 13923 28680 56640 
241 1617 14768 28920 53743 
242 1612 14523 29161 57354 
243 1627 14722 29403 56619 
244 1609 14675 29646 57096 
245 1646 14950 29890 56350 
246 1652 15193 30135 59040 
247 1656 14460 30381 48906 
248 1662 15837 30628 55552 
249 1674 16498 30876 58017 
250 1670 16143 31125 60000 
251 1692 16032 31375 56475 
252 1690 16599 31626 61992 
253 1702 14666 31878 62238 
254 1710 15221 32131 59436 
255 1726 16508 32385 64005 
256 1714 16793 32640 57344 
257 1733 17500 32896 58596 
258 1728 16943 33153 54438 
259 1760 15912 33411 62160 
260 1762 15839 33670 62140 
261 1776 17128 33930 65511 
262 1778 17249 34191 67072 
263 1792 17278 34453 63120 
264 1775 17355 34716 65472 
265 1790 16960 34980 69960 
266 1813 17223 35245 69426 
267 1824 18360 35511 68085 
268 1826 17463 35778 62444 
269 1849 19622 36046 68864 
270 1858 17787 36315 70200 
271 1858 19086 36585 72628 
272 1846 18597 36856 67728 
273 1857 17742 37128 72891 
274 1869 18005 37401 71240 
275 1875 17414 37675 65725 
276 1902 18285 37950 70932 
277 1916 19682 38226 73959 
278 1925 18101 38503 70334 
279 1909 19828 38781 74493 
280 1913 18403 39060 65520 
281 1931 20482 39340 77275 
282 1947 21127 39621 76704 
283 1945 18064 39903 69901 
284 1958 21029 40186 73840 
285 1981 21134 40470 73245 
286 1980 19755 40755 80938 
287 2004 19900 41041 76055 
288 1992 20243 41328 78048 
289 1995 21684 41616 79764 
290 2021 22445 41905 74820 
291 2035 19816 42195 77406 
292 2027 21783 42486 79716 
293 2035 21666 42778 75008 
294 2058 22021 43071 80262 
295 2051 22840 43365 81715 
296 2065 21425 43660 76072 
297 2059 21870 43956 80784 
298 2066 22313 44253 85824 
299 2074 22964 44551 83720 
300 2077 19717 44850 84300 
301 2101 22690 45150 89397 
302 2109 22947 45451 77010 
303 2133 22212 45753 86052 
304 2133 24091 46056 86944 
305 2138 23722 46360 84485 
306 2149 24115 46665 83844 
307 2168 24562 46971 88416 
308 2144 22387 47278 81928 
309 2170 24208 47586 92391 
310 2180 24139 47895 88040 
311 2195 23716 48205 89879 
312 2197 24179 48516 92976 
313 2194 24742 48828 91709 
314 2231 24391 49141 90432 
315 2222 26234 49455 97335 
316 2236 24115 49770 93220 
317 2247 25426 50086 89077 
318 2274 26191 50403 90630 
319 2263 25138 50721 91234 
320 2260 26727 51040 101440 
321 2272 26932 51360 98226 
322 2281 26055 51681 95634 
323 2316 27784 52003 93024 
324 2297 25059 52326 98496 
325 2314 25312 52650 101400 
326 2317 27747 52975 104972 
327 2315 26924 53301 101043 
328 2338 26775 53628 105288 
329 2335 28542 53956 98700 
330 2351 27359 54285 107580 
331 2363 26274 54615 100293 
332 2359 26091 54946 106904 
333 2382 27552 55278 103896 
334 2389 29917 55611 109552 
335 2401 29038 55945 102175 
336 2407 26987 56280 108528 
337 2400 29224 56616 111210 
338 2412 29479 56953 112216 
339 2450 28716 57291 108141 
340 2433 30611 57630 109140 
341 2468 28536 57970 110484 
342 2459 30001 58311 106020 
343 2476 30610 58653 107359 
344 2473 29207 58996 114208 
345 2490 29044 59340 112125 
346 2470 30739 59685 114180 
347 2498 31680 60031 114163 
348 2499 29399 60378 105792 
349 2528 30850 60726 113076 
350 2537 31451 61075 117250 
351 2542 31618 61425 115830 
352 2557 31131 61776 111936 
353 2547 31468 62128 114372 
354 2554 31265 62481 117528 
355 2583 29120 62835 121410 
356 2586 28591 63190 116056 
357 2581 32762 63546 122094 
358 2600 31267 63903 119930 
359 2593 32604 64261 122419 
360 2600 32319 64620 124920 
361 2618 33164 64980 120935 
362 2617 32761 65341 117650 
363 2633 34462 65703 116523 
364 2650 34123 66066 120484 
365 2663 34794 66430 124830 
366 2678 31159 66795 124074 
367 2649 34414 67161 124046 
368 2677 34055 67528 120704 
369 2688 33422 67896 127674 
370 2687 35071 68265 127650 
371 2722 35526 68635 128366 
372 2711 33335 69006 133176 
373 2727 36204 69378 128312 
374 2731 33127 69751 130152 
375 2736 36660 70125 128625 
376 2741 35897 70500 135360 
377 2770 35440 70876 129311 
378 2769 36169 71253 137970 
379 2769 35986 71631 126207 
380 2788 35815 72010 127300 
381 2784 38338 72390 126111 
382 2801 36101 72771 133700 
383 2813 37026 73153 135199 
384 2835 37483 73536 141312 
385 2833 37406 73920 142065 
386 2836 38119 74305 143206 
387 2845 38434 74691 137385 
388 2857 39063 75078 139292 
389 2880 37800 75466 144708 
390 2874 38251 75855 149760 
391 2892 38640 76245 149362 
392 2894 38329 76636 132496 
393 2917 37966 77028 150519 
394 2909 39543 77421 144992 
395 2924 37262 77815 155235 
396 2943 39743 78210 148896 
397 2937 40130 78606 157212 
398 2950 40019 79003 148056 
399 2972 38764 79401 152019 
400 2957 42039 79800 156800 
401 2969 39530 80200 139949 
402 2994 40801 80601 145926 
403 2994 42736 81003 157170 
404 3010 43445 81406 145440 
405 3022 40688 81810 155520 
406 3016 43493 82215 160776 
407 3025 42926 82621 159951 
408 3030 41249 83028 153816 
409 3032 41986 83436 155420 
410 3057 41845 83845 152930 
411 3062 42434 84255 150426 
412 3074 42369 84666 165624 
413 3070 44230 85078 161896 
414 3069 44001 85491 166014 
415 3115 43622 85905 158945 
416 3120 41681 86320 170560 
417 3103 44006 86736 170970 
418 3132 43673 87153 172216 
419 3142 43714 87571 163410 
420 3134 42173 87990 169260 
421 3139 43002 88410 174715 
422 3164 45989 88831 166268 
423 3170 44854 89253 174276 
424 3170 44929 89676 165784 
425 3176 49044 90100 173400 
426 3186 46485 90525 170826 
427 3204 47744 90951 177205 
428 3211 44949 91378 180616 
429 3227 45668 91806 173316 
430 3224 45945 92235 177160 
431 3254 48666 92665 172831 
432 3249 45153 93096 175392 
433 3254 48392 93528 179695 
434 3283 46045 93961 178374 
435 3281 49274 94395 181395 
436 3279 47717 94830 179196 
437 3294 44932 95266 184414 
438 3276 47299 95703 183522 
439 3280 47760 96141 172527 
440 3316 48463 96580 185240 
441 3333 50362 97020 179046 
442 3326 52475 97461 186082 
443 3315 51242 97903 185617 
444 3347 50065 98346 186924 
445 3365 49666 98790 190015 
446 3370 47741 99235 182860 
447 3387 49774 99681 191316 
448 3375 49739 100128 186368 
449 3399 53434 100576 200254 
450 3414 49879 101025 192600 
451 3435 49774 101475 194832 
452 3445 53689 101926 191196 
453 3442 52942 102378 200679 
454 3449 51083 102831 187956 
455 3424 48992 103285 187915 
456 3460 52783 103740 196536 
457 3456 51552 104196 199252 
458 3494 50853 104653 206558 
459 3492 50184 105111 191403 
460 3483 53265 105570 196880 
461 3516 54730 106030 195464 
462 3524 56019 106491 193578 
463 3512 53100 106953 198164 
464 3543 55373 107416 208800 
465 3552 53902 107880 197160 
466 3567 51679 108345 212496 
467 3579 56072 108811 207815 
468 3565 56315 109278 201240 
469 3559 54040 109746 211519 
470 3605 56927 110215 214790 
471 3589 53220 110685 219486 
472 3587 59625 111156 209568 
473 3593 55976 111628 214742 
474 3641 55201 112101 223254 
475 3634 54914 112575 223725 
476 3610 56429 113050 212296 
477 3644 57240 113526 218943 
478 3673 55493 114003 223704 
479 3656 57508 114481 222735 
480 3680 57811 114960 228000 
481 3678 57904 115440 217412 
482 3713 58253 115921 206778 
483 3700 57778 116403 225561 
484 3704 58071 116886 207636 
485 3736 57846 117370 229405 
486 3737 59993 117855 233280 
487 3734 55584 118341 231812 
488 3758 60255 118828 216184 
489 3741 58348 119316 224940 
490 3762 58885 119805 227850 
491 3761 60918 120295 228315 
492 3787 59225 120786 237144 
493 3778 63346 121278 224808 
494 3787 62903 121771 230204 
495 3794 61446 122265 234630 
496 3802 65813 122760 244032 
497 3824 60790 123256 233590 
498 3832 62241 123753 245016 
499 3838 63774 124251 245508 
500 3861 64109 124750 243000 
501 3873 62480 125250 224448 
502 3875 63923 125751 244976 
503 3896 61142 126253 232889 
504 3891 63243 126756 250992 
505 3913 62324 127260 242400 
506 3917 62741 127765 236808 
507 3910 67798 128271 241839 
508 3913 66877 128778 241300 
509 3955 66336 129286 244829 
510 3960 63357 129795 247860 
511 3971 63984 130305 256011 
512 3944 65069 130816 245760 
513 4005 65474 131328 256500 
514 3969 70041 131841 248776 
515 4013 67678 132355 229175 
516 4003 65507 132870 229620 
517 3996 67278 133386 256949 
518 4037 64909 133903 260554 
519 4024 66324 134421 258981 
520 4051 64459 134940 260520 
521 4058 67946 135460 259979 
522 4077 71093 135981 268830 
523 4049 66508 136503 265684 
524 4059 64505 137026 267764 
525 4067 68906 137550 271950 
526 4101 68545 138075 263526 
527 4114 68316 138601 260865 
528 4100 69297 139128 265584 
529 4112 71660 139656 269261 
530 4127 69611 140185 248570 
531 4165 70210 140715 263907 
532 4165 71093 141246 268660 
533 4177 71806 141778 264368 
534 4163 73027 142311 273408 
535 4166 65468 142845 259475 
536 4192 67717 143380 276576 
537 4205 70758 143916 287832 
538 4221 74323 144453 280298 
539 4229 72076 144991 271656 
540 4235 75107 145530 258120 
541 4245 73066 146070 273205 
542 4257 71669 146611 266664 
543 4252 75902 147153 279102 
544 4248 74065 147696 260576 
545 4289 76232 148240 288850 
546 4287 71779 148785 280644 
547 4317 78644 149331 277329 
548 4290 77991 149878 286604 
549 4301 71828 150426 286029 
550 4323 78843 150975 295350 
551 4328 71788 151525 298642 
552 4324 74499 152076 284280 
553 4331 74818 152628 290878 
554 4366 75167 153181 289188 
555 4371 75038 153735 294150 
556 4381 75693 154290 303576 
557 4389 80274 154846 294653 
558 4384 74497 155403 293508 
559 4421 75340 155961 309686 
560 4427 78161 156520 307440 
561 4415 78252 157080 310794 
562 4455 77643 157641 294488 
563 4434 77022 158203 279248 
564 4453 79877 158766 310764 
565 4476 76536 159330 310185 
566 4490 80571 159895 303942 
567 4501 79654 160461 299376 
568 4476 80291 161028 306720 
569 4474 79612 161596 281655 
570 4517 84891 162165 302100 
571 4533 84342 162735 317476 
572 4503 79361 163306 315744 
573 4533 82174 163878 313431 
574 4558 84309 164451 325458 
575 4560 78642 165025 309350 
576 4597 84213 165600 319680 
577 4604 81466 166176 326582 
578 4588 86855 166753 323102 
579 4574 86478 167331 331767 
580 4598 86853 167910 324800 
581 4615 84654 168490 320712 
582 4610 86597 169071 322428 
583 4641 91626 169653 336974 
584 4654 85899 170236 315944 
585 4666 87226 170820 324675 
586 4652 81747 171405 331090 
587 4665 87500 171991 320502 
588 4679 86169 172578 341628 
589 4692 84636 173166 345154 
590 4708 85523 173755 322140 
591 4696 81668 174345 333324 
592 4698 92219 174936 330336 
593 4729 89748 175528 334452 
594 4730 83547 176121 314820 
595 4742 85536 176715 334985 
596 4788 90033 177310 340316 
597 4734 90874 177906 341484 
598 4776 90085 178503 344448 
599 4777 88812 179101 342628 
600 4803 93395 179700 330000 
601 4810 93306 180300 337161 
602 4793 89949 180901 351568 
603 4829 87456 181503 352152 
604 4848 91407 182106 349112 
605 4813 89676 182710 345455 
606 4870 95005 183315 352086 
607 4838 93020 183921 339920 
608 4850 93973 184528 352640 
609 4869 93528 185136 364182 
610 4905 94931 185745 367830 
611 4916 95144 186355 350103 
612 4925 94005 186966 344556 
613 4918 93716 187578 359218 
614 4922 89259 188191 356120 
615 4953 87530 188805 361620 
616 4948 97163 189420 349272 
617 4953 94960 190036 371434 
618 4953 94377 190653 370800 
619 4963 95254 191271 360258 
620 4970 97269 191890 365800 
621 5007 97938 192510 363906 
622 5013 97579 193131 353296 
623 5008 99324 193753 370685 
624 5030 96541 194376 350688 
625 5020 97120 195000 362500 
626 5033 96815 195625 368088 
627 5061 99732 196251 373065 
628 5041 94993 196878 386220 
629 5077 92958 197506 369223 
630 5077 95711 198135 388080 
631 5086 101908 198765 361563 
632 5102 101853 199396 376040 
633 5096 100092 200028 381699 
634 5114 101925 200661 371524 
635 5131 99134 201295 371475 
636 5133 99239 201930 401316 
637 5174 103600 202566 394303 
638 5135 100699 203203 378334 
639 5167 101708 203841 374454 
640 5171 96873 204480 392320 
641 5164 102388 205120 386523 
642 5173 103997 205761 375570 
643 5199 106116 206403 394159 
644 5183 106237 207046 414092 
645 5214 103106 207690 393450 
646 5194 108663 208335 398582 
647 5236 107658 208981 406316 
648 5242 102953 209628 399168 
649 5238 102764 210276 383559 
650 5237 106405 210925 403000 
651 5265 104618 211575 412734 
652 5280 106485 212226 406848 
653 5300 107528 212878 423144 
654 5290 105643 213531 415944 
655 5320 106892 214185 399550 
656 5350 105147 214840 410000 
657 5363 112960 215496 413253 
658 5348 110175 216153 419804 
659 5334 107088 216811 416488 
660 5389 111603 217470 411840 
661 5365 110360 218130 418413 
662 5410 112919 218791 436258 
663 5390 113016 219453 418353 
664 5425 112889 220116 408360 
665 5400 108008 220780 409640 
666 5435 111599 221445 420912 
667 5432 113556 222111 436218 
668 5443 115933 222778 436872 
669 5429 110632 223446 413442 
670 5465 112433 224115 424110 
671 5457 105066 224785 443531 
672 5486 113393 225456 438144 
673 5482 111030 226128 436777 
674 5531 109453 226801 440796 
675 5524 116308 227475 425250 
676 5517 116409 228150 448188 
677 5508 115300 228826 433957 
678 5512 118355 229503 426462 
679 5554 114286 230181 441350 
680 5535 115995 230860 457640 
681 5548 119244 231540 441288 
682 5591 116585 232221 431024 
683 5572 117344 232903 450097 
684 5611 116049 233586 446652 
685 5622 115794 234270 461690 
686 5605 123671 234955 456876 
687 5610 116302 235641 449298 
688 5629 121455 236328 466464 
689 5638 118926 237016 451295 
690 5675 120609 237705 472650 
691 5656 116350 238395 445004 
692 5669 116997 239086 459488 
693 5714 117554 239778 449064 
694 5677 116937 240471 428892 
695 5715 122898 241165 465650 
696 5689 119869 241860 455880 
697 5699 120172 242556 466293 
698 5719 123501 243253 457190 
699 5708 123154 243951 455049 
700 5764 118809 244650 444500 
701 5762 127264 245350 468268 
702 5753 121261 246051 462618 
703 5745 119726 246753 490694 
704 5777 119427 247456 478016 
705 5811 117916 248160 489270 
706 5810 124755 248865 457488 
707 5814 127692 249571 457429 
708 5822 123857 250278 470112 
709 5866 126812 250986 486374 
710 5839 128401 251695 482090 
711 5862 125578 252405 458595 
712 5881 123531 253116 474904 
713 5871 127642 253828 493396 
714 5879 128163 254541 492660 
715 5909 132444 255255 507650 
716 5876 130781 255970 498336 
717 5946 128748 256686 483258 
718 5930 128183 257403 486804 
719 5906 124306 258121 482449 
720 5946 130537 258840 497520 
721 5948 131646 259560 506142 
722 5951 128873 260281 511176 
723 5994 127544 261003 505377 
724 5964 131043 261726 486528 
725 5985 132404 262450 502425 
726 6006 130753 263175 500214 
727 6012 125736 263901 501630 
728 6043 133535 264628 504504 
729 5989 140218 265356 527796 
730 6035 131665 266085 518300 
731 6067 131626 266815 515355 
732 6060 128671 267546 526308 
733 6057 137144 268278 532158 
734 6053 135501 269011 507194 
735 6088 137566 269745 516705 
736 6068 130877 270480 521824 
737 6096 137296 271216 527692 
738 6134 133343 271953 514386 
739 6098 138126 272691 517300 
740 6113 133799 273430 542420 
741 6172 140848 274170 520923 
742 6158 133527 274911 534240 
743 6157 135058 275653 520843 
744 6186 139975 276396 530472 
745 6216 130600 277140 525970 
746 6206 138457 277885 552040 
747 6201 140844 278631 528129 
748 6213 140623 279378 544544 
749 6235 141100 280126 521304 
750 6216 133855 280875 527250 
751 6243 138984 281625 547479 
752 6236 138745 282376 539936 
753 6243 141890 283128 545925 
754 6263 145583 283881 513474 
755 6281 147464 284635 543600 
756 6291 137347 285390 533736 
757 6286 138986 286146 549582 
758 6312 144669 286903 555614 
759 6300 144524 287661 532818 
760 6341 144383 288420 566200 
761 6299 143826 289180 546398 
762 6355 145067 289941 541782 
763 6334 143554 290703 550123 
764 6367 149199 291466 574528 
765 6373 149810 292230 548505 
766 6379 144691 292995 565308 
767 6422 138744 293761 576017 
768 6408 148941 294528 552960 
769 6418 150156 295296 576750 
770 6419 136743 296065 565950 
771 6394 143194 296835 574395 
772 6471 153115 297606 589036 
773 6467 153738 298378 572020 
774 6479 157461 299151 595206 
775 6449 150184 299925 578150 
776 6455 152745 300700 559496 
777 6485 152388 301476 599067 
778 6519 158549 302253 590502 
779 6485 152748 303031 600609 
780 6533 159463 303810 567060 
781 6546 145272 304590 557634 
782 6564 153557 305371 569296 
783 6557 157762 306153 587250 
784 6560 150433 306936 604464 
785 6551 155768 307720 593460 
786 6545 151305 308505 577710 
787 6597 157252 309291 574510 
788 6615 154133 310078 598092 
789 6636 164056 310866 600429 
790 6660 150773 311655 605140 
791 6654 152950 312445 586922 
792 6617 155583 313236 563904 
793 6679 161072 314028 601887 
794 6668 160495 314821 603440 
795 6676 152004 315615 603405 
796 6677 153205 316410 612920 
797 6685 157056 317206 615284 
798 6699 164485 318003 625632 
799 6734 157738 318801 618426 
800 6718 161367 319600 610400 
801 6745 162944 320400 619173 
802 6752 161487 321201 628768 
803 6769 160314 322003 631158 
804 6745 162589 322806 615864 
805 6794 154472 323610 620655 
806 6797 159431 324415 629486 
807 6792 161636 325221 610899 
808 6791 161051 326028 623776 
809 6805 162160 326836 613222 
810 6798 160777 327645 630180 
811 6817 168228 328455 649611 
812 6835 162317 329266 607376 
813 6878 163158 330078 621945 
814 6868 170761 330891 637362 
815 6871 156868 331705 651185 
816 6877 169605 332520 663408 
817 6870 159762 333336 640528 
818 6904 173597 334153 634768 
819 6922 174228 334971 656838 
820 6956 171543 335790 647800 
821 6959 167132 336610 656800 
822 6964 166057 337431 660066 
823 6940 174736 338253 645232 
824 6963 172213 339076 622944 
825 6954 168572 339900 646800 
826 7021 171499 340725 634368 
827 6977 174000 341551 672351 
828 7007 166943 342378 637560 
829 7022 176474 343206 666516 
830 6993 169297 344035 661510 
831 7027 174396 344865 662307 
832 7043 168769 345696 663936 
833 7003 165906 346528 653072 
834 7065 167241 347361 659694 
835 7047 179330 348195 658815 
836 7055 177431 349030 675488 
837 7091 175794 349866 641979 
838 7122 167983 350703 666210 
839 7105 173764 351541 675395 
840 7108 178125 352380 671160 
841 7134 173974 353220 666072 
842 7122 179727 354061 680336 
843 7146 175560 354903 651639 
844 7142 187295 355746 658320 
845 7149 181996 356590 691210 
846 7156 179935 357435 690336 
847 7173 177158 358281 698775 
848 7197 175049 359128 683488 
849 7196 179934 359976 683445 
850 7194 185893 360825 702100 
851 7216 186150 361675 719095 
852 7248 181459 362526 673080 
853 7243 183544 363378 702872 
854 7280 185891 364231 704550 
855 7304 182060 365085 725040 
856 7249 181681 365940 724176 
857 7263 185886 366796 725879 
858 7307 183527 367653 694122 
859 7291 185664 368511 705239 
860 7305 179103 369370 718100 
861 7312 182684 370230 711186 
862 7322 180709 371091 686152 
863 7310 183736 371953 721468 
864 7362 184321 372816 730944 
865 7353 185712 373680 730925 
866 7390 190315 374545 716182 
867 7394 184498 375411 718743 
868 7410 187293 376278 744744 
869 7397 200300 377146 701283 
870 7416 179093 378015 741240 
871 7426 195638 378885 725543 
872 7429 192565 379756 738584 
873 7457 180232 380628 703638 
874 7469 193097 381501 740278 
875 7449 191344 382375 724500 
876 7442 190929 383250 729708 
877 7488 192376 384126 753343 
878 7482 187479 385003 736642 
879 7488 190380 385881 721659 
880 7539 192089 386760 736560 
881 7495 193072 387640 762065 
882 7506 199789 388521 756756 
883 7540 198406 389403 766444 
884 7589 201805 390286 760240 
885 7567 196096 391170 735435 
886 7586 197285 392055 746898 
887 7598 193084 392941 777012 
888 7558 199779 393828 760128 
889 7588 202452 394716 783209 
890 7564 195001 395605 786760 
891 7600 198650 396495 767151 
892 7640 202657 397386 750172 
893 7641 206938 398278 762622 
894 7632 193523 399171 748278 
895 7656 196890 400065 776860 
896 7686 199519 400960 770560 
897 7711 203594 401856 724776 
898 7708 196647 402753 787546 
899 7663 203466 403651 747968 
900 7698 204749 404550 800100 
901 7694 203418 405450 784771 
902 7745 202997 406351 782034 
903 7740 199858 407253 754908 
904 7758 203979 408156 796424 
905 7760 205314 409060 781015 
906 7748 210843 409965 790032 
907 7778 206090 410871 802695 
908 7787 209575 411778 813568 
909 7801 210388 412686 789012 
910 7815 206663 413595 801710 
911 7817 204558 414505 763418 
912 7818 209035 415416 810768 
913 7857 210016 416328 808005 
914 7846 210223 417241 791524 
915 7842 214034 418155 809775 
916 7895 215485 419070 828980 
917 7910 214744 419986 777616 
918 7870 220759 420903 817020 
919 7887 213502 421821 793097 
920 7916 214201 422740 799480 
921 7893 208266 423660 831663 
922 7913 209501 424581 793842 
923 7905 210004 425503 782704 
924 7918 216519 426426 792792 
925 7951 205096 427350 800125 
926 7996 222003 428275 802842 
927 7994 215464 429201 819468 
928 8009 225735 430128 814784 
929 7996 214016 431056 817520 
930 8002 221195 431985 835140 
931 8014 220316 432915 849072 
932 8046 212235 433846 860236 
933 8070 212808 434778 854628 
934 8050 219093 435711 861148 
935 8099 218500 436645 837760 
936 8047 214637 437580 857376 
937 8096 222942 438516 855481 
938 8116 215065 439453 839510 
939 8089 221230 440391 856368 
940 8133 217543 441330 877020 
941 8112 220042 442270 865720 
942 8151 230443 443211 857220 
943 8140 220036 444153 823239 
944 8156 211971 445096 815616 
945 8160 221182 446040 878850 
946 8134 221121 446985 860860 
947 8182 220812 447931 880710 
948 8187 228191 448878 855096 
949 8215 223136 449826 835120 
950 8240 222133 450775 858800 
951 8219 224330 451725 882528 
952 8240 231227 452676 838712 
953 8228 217656 453628 827204 
954 8230 222233 454581 878634 
955 8270 224008 455535 888150 
956 8271 227141 456490 899596 
957 8260 226394 457446 881397 
958 8297 230291 458403 884234 
959 8281 225546 459361 893788 
960 8304 236561 460320 860160 
961 8315 234992 461280 906223 
962 8312 232771 462241 906204 
963 8327 229288 463203 910998 
964 8359 222365 464166 882060 
965 8356 228482 465130 887800 
966 8385 226195 466095 907074 
967 8398 245180 467061 890607 
968 8413 238079 468028 909920 
969 8422 244746 468996 907953 
970 8415 246333 469965 879790 
971 8416 231764 470935 888465 
972 8413 245471 471906 897156 
973 8451 232302 472878 933107 
974 8433 235987 473851 899002 
975 8476 236334 474825 920400 
976 8468 230963 475800 895968 
977 8469 235176 476776 937920 
978 8485 248917 477753 943770 
979 8539 239860 478731 919281 
980 8521 237199 479710 883960 
981 8527 241422 480690 925083 
982 8526 241479 481671 921116 
983 8566 241978 482653 938765 
984 8564 241155 483636 957432 
985 8574 248000 484620 935750 
986 8584 232149 485605 945574 
987 8601 240830 486591 935676 
988 8570 241345 487578 945516 
989 8565 247480 488566 918781 
990 8613 240925 489555 942480 
991 8595 242436 490545 925594 
992 8614 251285 491536 927520 
993 8646 243778 492528 980091 
994 8636 240171 493521 974120 
995 8676 235588 494515 960175 
996 8658 239619 495510 935244 
997 8690 250172 496506 934189 
998 8711 258899 497503 938120 
999 8664 247360 498501 968031 
